luminosity = 36813.715
channels = 84
sample = comb

channel =            bin1    bin2    bin3    bin4    bin5    bin6    bin7    bin8    bin9    bin10   bin11   bin12   bin13   bin14   bin15   bin16   bin17   bin18   bin19   bin20   bin21   bin22   bin23   bin24   bin25   bin26   bin27   bin28   bin29   bin30   bin31   bin32   bin33   bin34   bin35   bin36   bin37   bin38   bin39   bin40   bin41   bin42   bin43   bin44   bin45   bin46   bin47   bin48   bin49   bin50   bin51   bin52   bin53   bin54   bin55   bin56   bin57   bin58   bin59   bin60   bin61   bin62   bin63   bin64   bin65   bin66   bin67   bin68   bin69   bin70   bin71   bin72   bin73   bin74   bin75   bin76   bin77   bin78   bin79   bin80   bin81   bin82   bin83   bin84   

 rate    =           1036.001  44.817   12.617   1.549    1.863    564.721  42.778   8.143    1.106    68.571   54.507   19.265   2.516    0.257    2.826    5.252    7.277    0.000  0.000  1.468    0.527    424.216  26.699   6.674    1.284    1.921    37.953   5.597    1.253    0.000  2.469    5.433    1.928    1.898    0.000  0.000  0.000  66.303   10.477   3.638    1.234    9.453    2.866    1.397    2.470    3.894    1.804    1.119    39.777   6.446    1.713    0.723    25.761   7.447    1.380    0.965    1.610    0.000  35.014   8.515    0.468    0.571    23.670   4.035    1.510    3.271    0.828    0.000  0.000  0.000  8.717    0.480    0.000  4.079    1.006    2.095    1.828    0.000  0.000  0.613    1.310    0.000  0.000  0.000  

# stat_unc_abs_up =   28.994   6.742    4.063    1.801    2.156    20.651   6.739    3.461    1.960    6.928    7.043    4.645    2.347    0.933    1.933    2.700    3.075    1.541    1.948    2.015    1.559    18.869   5.557    3.454    2.646    2.505    5.893    3.451    2.003    1.345    1.950    2.628    1.511    2.280    1.451    2.008    1.172    8.212    4.287    3.403    2.957    3.547    2.457    2.269    4.046    3.049    2.115    1.829    5.127    2.452    1.302    1.967    5.341    3.157    1.644    1.575    2.509    1.236    4.784    2.754    1.583    1.677    4.903    2.816    2.322    2.287    2.474    2.728    1.154    2.168    3.077    2.041    0.415    2.894    1.604    1.952    2.094    1.657    1.938    1.511    1.514    2.061    1.410    1.638  
# stat_unc_abs_dn =   27.902   5.640    2.932    0.794    0.957    19.655   5.590    2.288    0.715    6.107    6.005    3.567    1.149    0.212    1.088    1.686    2.041    0.000  0.000  0.948    0.436    17.782   4.399    2.144    0.829    1.001    4.896    2.012    0.810    0.000  1.027    1.777    0.805    1.033    0.000  0.000  0.000  7.054    2.856    1.666    1.021    2.386    1.372    0.902    1.456    1.630    0.921    0.658    4.384    1.685    0.724    0.598    4.224    2.088    0.703    0.567    1.040    0.000  4.063    1.980    0.387    0.472    3.872    1.553    0.975    1.255    0.685    0.000  0.000  0.000  2.138    0.397    0.000  1.576    0.649    0.958    0.976    0.000  0.000  0.507    0.673    0.000  0.000  0.000  
 stat_unc_up =       0.028    0.150    0.322    1.162    1.157    0.037    0.158    0.425    1.772    0.101    0.129    0.241    0.933    3.634    0.684    0.514    0.423    0.000  0.000  1.372    2.958    0.044    0.208    0.518    2.061    1.304    0.155    0.617    1.599    0.000  0.790    0.484    0.784    1.201    0.000  0.000  0.000  0.124    0.409    0.935    2.397    0.375    0.857    1.625    1.638    0.783    1.172    1.634    0.129    0.380    0.760    2.721    0.207    0.424    1.192    1.632    1.558    0.000  0.137    0.323    3.381    2.937    0.207    0.698    1.538    0.699    2.987    0.000  0.000  0.000  0.353    4.255    0.000  0.709    1.595    0.932    1.146    0.000  0.000  2.466    1.156    0.000  0.000  0.000  
 stat_unc_dn =       0.027    0.126    0.232    0.512    0.514    0.035    0.131    0.281    0.646    0.089    0.110    0.185    0.457    0.827    0.385    0.321    0.280    0.000  0.000  0.646    0.827    0.042    0.165    0.321    0.646    0.521    0.129    0.359    0.646    0.000  0.416    0.327    0.417    0.544    0.000  0.000  0.000  0.106    0.273    0.458    0.827    0.252    0.479    0.646    0.589    0.419    0.510    0.588    0.110    0.261    0.423    0.827    0.164    0.280    0.509    0.587    0.646    0.000  0.116    0.233    0.827    0.827    0.164    0.385    0.646    0.384    0.827    0.000  0.000  0.000  0.245    0.827    0.000  0.386    0.646    0.457    0.534    0.000  0.000  0.827    0.514    0.000  0.000  0.000  

 syst_unc_TF_stat_up = 0.011    0.042    0.087    0.156    0.142    0.014    0.044    0.083    0.170    0.034    0.040    0.075    0.119    0.323    0.165    0.094    0.103    0.201    0.281    0.398    0.222    0.015    0.051    0.098    0.204    0.227    0.043    0.097    0.250    0.258    0.158    0.168    0.168    0.310    0.230    0.347    0.342    0.039    0.085    0.183    0.547    0.069    0.145    0.221    0.197    0.052    0.082    0.209    0.036    0.082    0.186    0.326    0.057    0.102    0.156    0.163    0.281    0.258    0.038    0.087    0.221    0.356    0.064    0.119    0.261    0.140    0.392    0.285    0.342    0.310    0.118    0.310    0.296    0.120    0.261    0.114    0.169    0.114    0.227    0.191    0.187    0.290    0.365    0.266  
 syst_unc_TF_stat_dn = 0.011    0.042    0.087    0.156    0.142    0.014    0.044    0.083    0.170    0.034    0.040    0.075    0.119    0.323    0.165    0.094    0.103    0.201    0.281    0.398    0.222    0.015    0.051    0.098    0.204    0.227    0.043    0.097    0.250    0.258    0.158    0.168    0.168    0.310    0.230    0.347    0.342    0.039    0.085    0.183    0.547    0.069    0.145    0.221    0.197    0.052    0.082    0.209    0.036    0.082    0.186    0.326    0.057    0.102    0.156    0.163    0.281    0.258    0.038    0.087    0.221    0.356    0.064    0.119    0.261    0.140    0.392    0.285    0.342    0.310    0.118    0.310    0.296    0.120    0.261    0.114    0.169    0.114    0.227    0.191    0.187    0.290    0.365    0.266  

 syst_unc_ISR_up =   0.013    0.010    0.016    0.019    0.016    0.014    0.016    0.015    0.001    0.016    0.010    0.021    0.006    0.004    0.024    0.023    0.012    0.018    0.035    0.038    0.006    0.012    0.013    0.026    0.008    0.061    0.010    0.024    0.034    0.020    0.002    0.006    0.016    0.063    0.012    0.053    0.020    0.008    0.007    0.020    0.060    0.024    0.025    0.007    0.012    0.031    0.017    0.019    0.035    0.019    0.016    0.025    0.020    0.037    0.033    0.016    0.005    0.020    0.032    0.024    0.050    0.021    0.022    0.024    0.036    0.028    0.014    0.044    0.056    0.006    0.025    0.057    0.040    0.026    0.026    0.027    0.009    0.009    0.044    0.003    0.026    0.092    0.010    0.024  
 syst_unc_ISR_dn =   0.018    0.016    0.020    0.027    0.031    0.019    0.024    0.022    0.011    0.023    0.014    0.032    0.015    0.022    0.040    0.030    0.015    0.026    0.059    0.022    0.000    0.016    0.018    0.035    0.012    0.078    0.014    0.040    0.046    0.025    0.010    0.006    0.023    0.094    0.029    0.065    0.031    0.011    0.010    0.027    0.067    0.037    0.039    0.008    0.013    0.044    0.026    0.026    0.052    0.031    0.039    0.043    0.033    0.057    0.054    0.025    0.014    0.019    0.045    0.038    0.074    0.039    0.033    0.035    0.047    0.045    0.021    0.056    0.086    0.003    0.037    0.083    0.054    0.048    0.053    0.059    0.004    0.019    0.077    0.011    0.053    0.128    0.016    0.053  

 syst_unc_bTag_up =  0.000    0.001    0.002    0.004    0.003    0.000    0.002    0.002    0.000    0.001    0.001    0.001    0.003    0.003    0.002    0.002    0.004    0.009    0.003    0.003    0.003    0.000    0.001    0.003    0.004    0.002    0.001    0.003    0.001    0.014    0.012    0.008    0.002    0.005    0.003    0.003    0.004    0.002    0.001    0.001    0.017    0.003    0.006    0.001    0.015    0.002    0.006    0.006    0.000    0.002    0.001    0.003    0.000    0.000    0.001    0.001    0.005    0.004    0.001    0.001    0.000    0.004    0.002    0.001    0.001    0.000    0.001    0.003    0.001    0.009    0.001    0.003    0.007    0.005    0.001    0.008    0.001    0.003    0.003    0.002    0.002    0.003    0.019    0.004  
 syst_unc_bTag_dn =  0.000    0.001    0.002    0.004    0.003    0.000    0.002    0.002    0.000    0.001    0.001    0.001    0.003    0.003    0.002    0.002    0.004    0.009    0.004    0.003    0.004    0.000    0.001    0.003    0.004    0.002    0.001    0.003    0.001    0.015    0.012    0.008    0.002    0.005    0.004    0.003    0.004    0.002    0.001    0.001    0.017    0.003    0.006    0.001    0.015    0.002    0.006    0.006    0.000    0.002    0.001    0.003    0.000    0.000    0.001    0.000    0.005    0.004    0.001    0.001    0.000    0.004    0.002    0.001    0.001    0.000    0.001    0.003    0.001    0.009    0.001    0.003    0.007    0.005    0.001    0.008    0.001    0.003    0.003    0.002    0.002    0.003    0.020    0.004  

 syst_unc_pdfUnc_up = 0.001    0.009    0.253    0.004    0.022    0.001    0.004    0.003    0.001    0.003    0.002    0.002    0.019    0.064    0.013    0.003    0.001    0.025    0.041    0.021    0.012    0.001    0.006    0.006    0.012    0.007    0.001    0.001    0.005    0.031    0.057    0.001    0.006    0.079    0.011    0.012    0.004    0.005    0.002    0.013    0.027    0.001    0.011    0.011    0.018    0.005    0.011    0.002    0.001    0.002    0.009    0.008    0.001    0.002    0.020    0.006    0.006    0.005    0.006    0.002    0.000    0.039    0.002    0.017    0.008    0.009    0.012    0.016    0.015    0.030    0.002    0.008    0.038    0.005    0.017    0.001    0.004    0.013    0.001    0.005    0.008    0.023    0.009    0.006  
 syst_unc_pdfUnc_dn = 0.002    0.003    0.290    0.007    0.015    0.001    0.004    0.005    0.006    0.005    0.003    0.003    0.017    0.132    0.031    0.002    0.005    0.041    0.026    0.036    0.003    0.001    0.008    0.006    0.004    0.032    0.002    0.000    0.005    0.041    0.215    0.004    0.005    0.041    0.009    0.005    0.010    0.005    0.006    0.004    0.032    0.007    0.011    0.012    0.002    0.006    0.014    0.042    0.002    0.001    0.011    0.017    0.001    0.001    0.008    0.009    0.002    0.018    0.003    0.008    0.007    0.006    0.001    0.056    0.000    0.009    0.031    0.031    0.014    0.021    0.001    0.040    0.032    0.004    0.018    0.007    0.012    0.013    0.024    0.009    0.007    0.051    0.003    0.007  

 syst_unc_metMag_up = 0.001    0.009    0.033    0.012    0.096    0.005    0.028    0.015    0.124    0.018    0.037    0.024    0.059    0.268    0.074    0.063    0.024    0.010    0.427    0.107    0.069    0.007    0.015    0.027    0.000    0.072    0.004    0.061    0.072    0.060    0.044    0.052    0.030    0.001    0.329    0.089    0.065    0.023    0.038    0.045    0.196    0.002    0.011    0.046    0.024    0.025    0.015    0.014    0.003    0.026    0.115    0.156    0.023    0.022    0.021    0.059    0.238    0.084    0.009    0.028    0.072    0.016    0.014    0.083    0.104    0.030    0.140    0.062    0.122    0.060    0.038    0.007    0.029    0.027    0.097    0.020    0.005    0.072    0.110    0.021    0.040    0.031    0.171    0.381  
 syst_unc_metMag_dn = 0.001    0.017    0.028    0.099    0.032    0.001    0.014    0.045    0.035    0.010    0.006    0.017    0.025    0.029    0.004    0.043    0.037    0.103    0.097    0.103    0.035    0.002    0.013    0.030    0.002    0.078    0.006    0.054    0.100    0.124    0.012    0.023    0.046    0.015    0.144    0.205    0.163    0.010    0.004    0.016    0.052    0.026    0.059    0.023    0.016    0.036    0.026    0.017    0.013    0.048    0.065    0.038    0.012    0.035    0.220    0.062    0.064    0.088    0.004    0.003    0.121    0.042    0.021    0.067    0.125    0.115    0.044    0.023    0.074    0.038    0.029    0.091    0.091    0.089    0.045    0.004    0.007    0.011    0.055    0.008    0.077    0.010    0.087    0.054  

 syst_unc_metPhi_up = 0.001    0.001    0.019    0.007    0.002    0.004    0.005    0.013    0.005    0.008    0.003    0.002    0.003    0.054    0.007    0.006    0.005    0.002    0.002    0.001    0.019    0.002    0.003    0.018    0.005    0.045    0.008    0.009    0.076    0.017    0.008    0.018    0.012    0.021    0.017    0.051    0.001    0.010    0.008    0.000    0.000    0.001    0.026    0.033    0.009    0.007    0.012    0.003    0.004    0.009    0.061    0.007    0.007    0.023    0.019    0.032    0.000    0.005    0.010    0.020    0.014    0.003    0.016    0.016    0.037    0.055    0.127    0.001    0.027    0.072    0.016    0.000    0.000    0.019    0.051    0.003    0.010    0.008    0.012    0.023    0.005    0.011    0.011    0.002  
 syst_unc_metPhi_dn = 0.002    0.005    0.006    0.017    0.004    0.002    0.005    0.013    0.013    0.002    0.001    0.001    0.008    0.059    0.048    0.006    0.001    0.003    0.051    0.047    0.004    0.003    0.013    0.006    0.002    0.007    0.014    0.009    0.033    0.005    0.017    0.001    0.008    0.001    0.032    0.002    0.000    0.003    0.006    0.024    0.051    0.003    0.007    0.002    0.003    0.001    0.048    0.009    0.007    0.019    0.046    0.005    0.003    0.002    0.002    0.026    0.064    0.004    0.002    0.018    0.039    0.002    0.017    0.036    0.008    0.010    0.008    0.004    0.126    0.020    0.004    0.000    0.003    0.023    0.065    0.039    0.000    0.013    0.002    0.018    0.014    0.020    0.006    0.001  

 syst_unc_jec_up =   0.005    0.008    0.038    0.042    0.043    0.008    0.004    0.014    0.058    0.011    0.011    0.014    0.018    0.149    0.008    0.020    0.040    0.062    0.297    0.335    0.014    0.005    0.005    0.013    0.064    0.014    0.011    0.025    0.033    0.020    0.061    0.039    0.030    0.039    0.295    0.011    0.062    0.012    0.001    0.059    0.161    0.021    0.026    0.012    0.066    0.005    0.016    0.034    0.010    0.007    0.075    0.012    0.009    0.026    0.051    0.073    0.028    0.070    0.015    0.029    0.003    0.126    0.027    0.030    0.236    0.066    0.186    0.099    0.311    0.108    0.054    0.010    0.622    0.033    0.173    0.019    0.016    0.078    0.055    0.056    0.098    0.112    0.226    0.084  
 syst_unc_jec_dn =   0.005    0.001    0.021    0.011    0.074    0.001    0.015    0.048    0.003    0.015    0.017    0.026    0.011    0.055    0.009    0.022    0.027    0.005    0.078    0.213    0.010    0.001    0.007    0.059    0.141    0.010    0.005    0.017    0.052    0.154    0.017    0.036    0.016    0.078    0.023    0.081    0.082    0.008    0.021    0.040    0.104    0.003    0.032    0.020    0.029    0.014    0.010    0.024    0.027    0.026    0.022    0.015    0.004    0.018    0.010    0.091    0.224    0.036    0.011    0.029    0.019    0.234    0.038    0.084    0.105    0.033    0.503    0.099    0.232    0.180    0.028    0.191    0.032    0.028    0.157    0.101    0.110    0.019    0.171    0.164    0.066    0.449    0.016    0.179  

 syst_unc_SF_up =    0.081    0.083    0.073    0.102    0.101    0.085    0.083    0.090    0.136    0.093    0.087    0.085    0.096    0.250    0.117    0.083    0.079    0.103    0.096    0.168    0.158    0.082    0.081    0.080    0.124    0.102    0.084    0.071    0.123    0.085    0.099    0.131    0.131    0.144    0.190    0.083    0.095    0.080    0.078    0.081    0.146    0.104    0.126    0.100    0.070    0.074    0.104    0.084    0.103    0.106    0.182    0.119    0.078    0.086    0.097    0.099    0.108    0.118    0.102    0.108    0.107    0.117    0.087    0.089    0.114    0.105    0.136    0.111    0.094    0.086    0.107    0.175    0.383    0.075    0.145    0.101    0.128    0.088    0.110    0.212    0.122    0.112    0.068    0.163  
 syst_unc_SF_dn =    0.085    0.086    0.075    0.105    0.104    0.089    0.087    0.095    0.145    0.097    0.092    0.088    0.101    0.265    0.119    0.086    0.081    0.108    0.100    0.171    0.168    0.086    0.084    0.084    0.131    0.107    0.088    0.075    0.126    0.088    0.101    0.133    0.135    0.147    0.197    0.086    0.099    0.084    0.081    0.085    0.150    0.110    0.128    0.106    0.074    0.077    0.109    0.087    0.107    0.109    0.193    0.121    0.081    0.088    0.102    0.104    0.115    0.124    0.106    0.111    0.109    0.119    0.091    0.094    0.117    0.112    0.139    0.114    0.097    0.089    0.112    0.185    0.399    0.079    0.154    0.103    0.131    0.091    0.113    0.215    0.129    0.115    0.070    0.165  

## note : for special usage 
# fin_TF_to_mu =      1.360    1.194    1.241    1.007    1.168    1.254    1.416    1.274    1.106    1.012    1.185    1.157    1.292    0.513    0.960    1.124    1.250    1.402    1.581    0.604    1.054    1.315    1.229    1.387    1.284    0.992    1.158    1.550    1.230    1.056    1.038    0.940    0.726    1.453    0.941    1.018    0.889    1.328    1.421    1.679    0.905    1.205    1.031    1.397    2.773    1.404    1.185    1.007    0.911    0.856    0.718    1.142    1.244    1.332    0.865    1.046    1.610    1.139    0.873    0.839    1.261    1.133    1.180    1.268    1.297    1.062    1.715    1.699    0.758    1.110    1.024    0.959    0.329    1.224    1.006    1.066    0.826    1.103    1.164    0.593    0.904    1.068    0.979    0.371  
# fin_TFerr_to_mu =   0.020    0.069    0.139    0.218    0.206    0.023    0.086    0.146    0.188    0.047    0.065    0.117    0.210    0.166    0.185    0.146    0.167    0.388    0.638    0.266    0.235    0.027    0.084    0.187    0.261    0.296    0.069    0.213    0.312    0.379    0.196    0.145    0.161    0.425    0.299    0.411    0.420    0.071    0.163    0.431    0.408    0.099    0.142    0.309    0.690    0.102    0.124    0.234    0.046    0.096    0.156    0.347    0.095    0.175    0.185    0.247    0.453    0.396    0.045    0.097    0.276    0.431    0.104    0.201    0.335    0.178    0.635    0.707    0.347    0.454    0.163    0.298    0.134    0.198    0.262    0.128    0.175    0.173    0.371    0.168    0.220    0.465    0.492    0.155  

# fin_TF_to_ele =     1.663    1.634    1.504    1.046    1.279    1.490    1.559    1.473    1.422    1.164    1.529    1.512    1.224    0.784    0.938    1.201    1.195    0.914    1.406    1.468    1.066    1.654    1.669    1.604    2.209    1.858    1.415    1.665    1.253    1.011    0.975    1.207    0.801    1.265    1.264    1.930    0.910    1.698    1.918    1.959    2.468    1.622    1.433    1.439    2.167    1.660    1.240    1.231    1.036    0.970    0.555    1.446    1.567    1.211    1.030    0.885    1.452    0.710    1.009    1.032    0.936    1.142    1.425    1.499    1.510    1.231    1.657    2.428    0.999    2.077    1.233    1.865    0.309    1.631    0.980    1.041    1.415    1.422    1.754    1.225    0.811    1.968    1.179    1.741  
# fin_TFerr_to_ele =  0.025    0.099    0.180    0.215    0.244    0.029    0.098    0.176    0.255    0.056    0.090    0.164    0.214    0.185    0.183    0.158    0.169    0.255    0.544    0.584    0.262    0.036    0.122    0.229    0.486    0.643    0.089    0.226    0.313    0.374    0.189    0.203    0.187    0.392    0.410    0.935    0.450    0.098    0.242    0.508    1.349    0.142    0.207    0.324    0.689    0.117    0.163    0.404    0.054    0.111    0.118    0.471    0.130    0.159    0.220    0.195    0.399    0.265    0.054    0.126    0.207    0.407    0.134    0.262    0.394    0.218    0.649    0.937    0.491    0.878    0.204    0.679    0.133    0.286    0.258    0.154    0.296    0.231    0.549    0.234    0.212    0.748    0.614    0.540  

