luminosity = 36813.715
channels = 84
sample = comb

channel =            bin1    bin2    bin3    bin4    bin5    bin6    bin7    bin8    bin9    bin10   bin11   bin12   bin13   bin14   bin15   bin16   bin17   bin18   bin19   bin20   bin21   bin22   bin23   bin24   bin25   bin26   bin27   bin28   bin29   bin30   bin31   bin32   bin33   bin34   bin35   bin36   bin37   bin38   bin39   bin40   bin41   bin42   bin43   bin44   bin45   bin46   bin47   bin48   bin49   bin50   bin51   bin52   bin53   bin54   bin55   bin56   bin57   bin58   bin59   bin60   bin61   bin62   bin63   bin64   bin65   bin66   bin67   bin68   bin69   bin70   bin71   bin72   bin73   bin74   bin75   bin76   bin77   bin78   bin79   bin80   bin81   bin82   bin83   bin84   

 rate    =           979.745  49.027   16.544   2.092    2.557    552.655  37.408   7.366    0.000  73.359   47.401   21.171   2.448    0.000  4.691    6.007    9.557    0.000  0.000  2.936    0.000  443.375  30.040   6.414    0.000  1.858    35.381   4.994    2.507    0.000  3.899    10.866   2.404    3.796    0.000  0.000  0.000  66.207   9.589    3.917    2.468    3.243    5.732    0.000  2.167    4.979    1.240    1.231    40.400   7.758    0.555    1.446    26.638   10.898   1.030    0.885    0.000  0.000  40.361   10.316   0.936    1.142    21.374   2.998    3.020    1.231    1.657    0.000  0.000  0.000  6.164    0.000  0.000  3.262    0.000  3.124    2.830    0.000  0.000  1.225    0.811    0.000  0.000  0.000  

# stat_unc_abs_up =   42.057   10.685   6.643    2.759    3.373    30.209   9.301    4.983    2.618    10.456   10.134   7.305    3.229    1.444    3.174    4.064    4.713    1.682    2.588    3.873    1.962    28.772   8.880    5.072    4.067    4.273    8.586    4.858    3.306    1.861    3.083    4.962    2.338    3.693    2.327    3.553    1.676    12.390   6.487    5.167    5.675    4.278    4.532    2.650    4.983    4.843    2.851    2.830    7.560    3.826    1.277    3.325    8.154    4.977    2.368    2.034    2.673    1.306    7.444    4.402    2.153    2.626    7.066    3.954    3.983    2.831    3.810    4.471    1.839    3.823    4.170    3.434    0.569    4.303    1.805    3.039    3.733    2.618    3.230    2.817    1.866    3.623    2.170    3.205  
# stat_unc_abs_dn =   40.359   8.901    4.912    1.351    1.652    28.680   7.582    3.182    0.000  9.218    8.467    5.590    1.581    0.000  2.026    2.595    3.307    0.000  0.000  1.897    0.000  27.067   7.014    3.070    0.000  1.537    7.029    2.718    1.619    0.000  1.866    3.554    1.308    2.066    0.000  0.000  0.000  10.556   4.142    2.530    2.041    2.095    2.743    0.000  1.793    2.710    1.026    1.018    6.441    2.685    0.459    1.196    6.397    3.564    0.852    0.732    0.000  0.000  6.355    3.207    0.774    0.945    5.457    1.936    1.950    1.019    1.371    0.000  0.000  0.000  2.662    0.000  0.000  2.107    0.000  1.700    1.828    0.000  0.000  1.014    0.671    0.000  0.000  0.000  
 stat_unc_up =       0.043    0.218    0.402    1.319    1.319    0.055    0.249    0.677    0.000  0.143    0.214    0.345    1.319    0.000  0.677    0.677    0.493    0.000  0.000  1.319    0.000  0.065    0.296    0.791    0.000  2.300    0.243    0.973    1.319    0.000  0.791    0.457    0.973    0.973    0.000  0.000  0.000  0.187    0.677    1.319    2.300    1.319    0.791    0.000  2.300    0.973    2.300    2.300    0.187    0.493    2.300    2.300    0.306    0.457    2.300    2.300    0.000  0.000  0.184    0.427    2.300    2.300    0.331    1.319    1.319    2.300    2.300    0.000  0.000  0.000  0.677    0.000  0.000  1.319    0.000  0.973    1.319    0.000  0.000  2.300    2.300    0.000  0.000  0.000  
 stat_unc_dn =       0.041    0.182    0.297    0.646    0.646    0.052    0.203    0.432    0.000  0.126    0.179    0.264    0.646    0.000  0.432    0.432    0.346    0.000  0.000  0.646    0.000  0.061    0.233    0.479    0.000  0.827    0.199    0.544    0.646    0.000  0.479    0.327    0.544    0.544    0.000  0.000  0.000  0.159    0.432    0.646    0.827    0.646    0.479    0.000  0.827    0.544    0.827    0.827    0.159    0.346    0.827    0.827    0.240    0.327    0.827    0.827    0.000  0.000  0.157    0.311    0.827    0.827    0.255    0.646    0.646    0.827    0.827    0.000  0.000  0.000  0.432    0.000  0.000  0.646    0.000  0.544    0.646    0.000  0.000  0.827    0.827    0.000  0.000  0.000  

 syst_unc_TF_stat_up = 0.015    0.061    0.120    0.206    0.191    0.020    0.063    0.119    0.179    0.048    0.059    0.109    0.174    0.236    0.195    0.132    0.141    0.280    0.387    0.398    0.246    0.022    0.073    0.143    0.220    0.346    0.063    0.136    0.250    0.370    0.194    0.168    0.233    0.310    0.324    0.485    0.495    0.058    0.126    0.259    0.547    0.088    0.145    0.225    0.318    0.070    0.131    0.328    0.052    0.115    0.213    0.326    0.083    0.132    0.214    0.221    0.275    0.373    0.053    0.122    0.221    0.356    0.094    0.175    0.261    0.177    0.392    0.386    0.492    0.423    0.165    0.364    0.431    0.175    0.264    0.148    0.209    0.163    0.313    0.191    0.261    0.380    0.521    0.310  
 syst_unc_TF_stat_dn = 0.015    0.061    0.120    0.206    0.191    0.020    0.063    0.119    0.179    0.048    0.059    0.109    0.174    0.236    0.195    0.132    0.141    0.280    0.387    0.398    0.246    0.022    0.073    0.143    0.220    0.346    0.063    0.136    0.250    0.370    0.194    0.168    0.233    0.310    0.324    0.485    0.495    0.058    0.126    0.259    0.547    0.088    0.145    0.225    0.318    0.070    0.131    0.328    0.052    0.115    0.213    0.326    0.083    0.132    0.214    0.221    0.275    0.373    0.053    0.122    0.221    0.356    0.094    0.175    0.261    0.177    0.392    0.386    0.492    0.423    0.165    0.364    0.431    0.175    0.264    0.148    0.209    0.163    0.313    0.191    0.261    0.380    0.521    0.310  

 syst_unc_ISR_up =   0.019    0.013    0.017    0.026    0.020    0.021    0.023    0.018    0.018    0.022    0.009    0.037    0.002    0.041    0.029    0.029    0.006    0.036    0.032    0.038    0.028    0.019    0.018    0.047    0.012    0.072    0.016    0.027    0.034    0.027    0.001    0.006    0.024    0.063    0.015    0.075    0.015    0.013    0.009    0.028    0.060    0.030    0.025    0.048    0.006    0.043    0.023    0.018    0.054    0.028    0.031    0.025    0.023    0.049    0.073    0.004    0.018    0.026    0.045    0.032    0.050    0.021    0.025    0.033    0.036    0.040    0.014    0.074    0.090    0.009    0.026    0.043    0.015    0.041    0.018    0.034    0.009    0.007    0.046    0.003    0.034    0.136    0.001    0.025  
 syst_unc_ISR_dn =   0.026    0.022    0.021    0.036    0.039    0.030    0.033    0.027    0.029    0.032    0.013    0.055    0.013    0.044    0.048    0.038    0.010    0.049    0.052    0.022    0.026    0.025    0.025    0.062    0.017    0.088    0.024    0.048    0.046    0.020    0.012    0.006    0.036    0.094    0.037    0.091    0.028    0.018    0.014    0.038    0.067    0.044    0.039    0.062    0.007    0.061    0.040    0.044    0.078    0.045    0.067    0.043    0.037    0.075    0.111    0.024    0.030    0.021    0.065    0.051    0.074    0.039    0.039    0.044    0.047    0.060    0.021    0.091    0.132    0.005    0.040    0.068    0.075    0.073    0.043    0.076    0.001    0.014    0.077    0.011    0.085    0.186    0.004    0.063  

 syst_unc_bTag_up =  0.000    0.001    0.003    0.005    0.005    0.000    0.003    0.003    0.003    0.001    0.001    0.001    0.003    0.002    0.002    0.002    0.003    0.002    0.003    0.003    0.001    0.001    0.002    0.006    0.005    0.004    0.001    0.005    0.001    0.014    0.015    0.008    0.003    0.005    0.006    0.001    0.001    0.002    0.002    0.001    0.017    0.005    0.006    0.003    0.004    0.003    0.013    0.010    0.001    0.003    0.004    0.003    0.001    0.000    0.002    0.000    0.003    0.008    0.002    0.001    0.000    0.004    0.000    0.001    0.001    0.000    0.001    0.004    0.000    0.014    0.003    0.012    0.013    0.010    0.002    0.010    0.001    0.002    0.005    0.002    0.004    0.005    0.031    0.004  
 syst_unc_bTag_dn =  0.041    0.182    0.297    0.646    0.646    0.052    0.203    0.432    0.004    0.126    0.179    0.264    0.646    0.002    0.432    0.432    0.346    0.002    0.003    0.646    0.001    0.061    0.233    0.479    0.005    0.827    0.199    0.544    0.646    0.015    0.479    0.327    0.544    0.544    0.006    0.002    0.001    0.159    0.432    0.646    0.827    0.646    0.479    0.003    0.827    0.544    0.827    0.827    0.159    0.346    0.827    0.827    0.240    0.327    0.827    0.827    0.003    0.008    0.157    0.311    0.827    0.827    0.255    0.646    0.646    0.827    0.827    0.005    0.001    0.014    0.432    0.012    0.013    0.646    0.002    0.544    0.646    0.002    0.005    0.827    0.827    0.005    0.034    0.004  

 syst_unc_pdfUnc_up = 0.001    0.013    0.385    0.004    0.032    0.001    0.004    0.001    0.016    0.001    0.000    0.001    0.024    0.018    0.015    0.000    0.000    0.032    0.055    0.021    0.059    0.001    0.008    0.009    0.024    0.010    0.001    0.001    0.005    0.062    0.071    0.001    0.007    0.079    0.020    0.014    0.004    0.006    0.000    0.024    0.027    0.002    0.011    0.010    0.020    0.007    0.032    0.001    0.002    0.004    0.002    0.008    0.001    0.002    0.047    0.003    0.006    0.004    0.010    0.003    0.000    0.039    0.003    0.000    0.008    0.002    0.012    0.027    0.016    0.041    0.003    0.003    0.051    0.008    0.001    0.001    0.005    0.019    0.002    0.005    0.004    0.017    0.004    0.005  
 syst_unc_pdfUnc_dn = 0.002    0.000    0.442    0.009    0.022    0.003    0.004    0.002    0.002    0.007    0.001    0.003    0.002    0.007    0.037    0.003    0.008    0.031    0.039    0.036    0.046    0.001    0.012    0.005    0.009    0.019    0.005    0.000    0.005    0.084    0.263    0.004    0.004    0.041    0.016    0.008    0.011    0.002    0.000    0.005    0.032    0.002    0.011    0.024    0.004    0.009    0.038    0.065    0.000    0.002    0.014    0.017    0.002    0.001    0.015    0.005    0.002    0.019    0.004    0.001    0.007    0.006    0.000    0.002    0.000    0.009    0.031    0.052    0.016    0.026    0.002    0.000    0.044    0.004    0.001    0.009    0.015    0.020    0.029    0.009    0.005    0.049    0.002    0.005  

 syst_unc_metMag_up = 0.000    0.005    0.049    0.000    0.118    0.007    0.046    0.016    0.125    0.018    0.065    0.043    0.061    0.076    0.086    0.109    0.029    0.021    0.906    0.107    0.016    0.013    0.023    0.056    0.038    0.097    0.007    0.134    0.072    0.092    0.054    0.052    0.040    0.001    0.549    0.004    0.025    0.022    0.022    0.013    0.196    0.000    0.011    0.051    0.055    0.037    0.010    0.011    0.006    0.021    0.029    0.156    0.035    0.021    0.022    0.006    0.109    0.034    0.007    0.019    0.072    0.016    0.031    0.041    0.104    0.006    0.140    0.013    0.174    0.092    0.041    0.020    0.041    0.065    0.028    0.006    0.000    0.120    0.168    0.021    0.062    0.047    0.300    0.462  
 syst_unc_metMag_dn = 0.002    0.000    0.033    0.135    0.047    0.000    0.026    0.087    0.078    0.017    0.014    0.000    0.046    0.032    0.004    0.041    0.050    0.027    0.116    0.103    0.001    0.002    0.015    0.047    0.115    0.112    0.013    0.118    0.100    0.242    0.000    0.023    0.070    0.015    0.220    0.294    0.298    0.007    0.002    0.025    0.052    0.067    0.059    0.096    0.010    0.056    0.066    0.032    0.024    0.061    0.011    0.038    0.011    0.034    0.091    0.004    0.007    0.021    0.003    0.000    0.121    0.042    0.039    0.010    0.125    0.006    0.044    0.007    0.008    0.002    0.081    0.011    0.129    0.098    0.002    0.002    0.008    0.018    0.090    0.008    0.102    0.012    0.044    0.001  

 syst_unc_metPhi_up = 0.002    0.001    0.028    0.010    0.000    0.007    0.009    0.018    0.017    0.014    0.006    0.003    0.002    0.022    0.005    0.000    0.005    0.001    0.001    0.001    0.004    0.000    0.005    0.032    0.005    0.046    0.017    0.009    0.076    0.033    0.007    0.018    0.008    0.021    0.030    0.000    0.001    0.003    0.016    0.000    0.000    0.000    0.026    0.000    0.010    0.010    0.018    0.000    0.001    0.012    0.039    0.007    0.008    0.030    0.004    0.041    0.005    0.003    0.018    0.031    0.014    0.003    0.012    0.007    0.037    0.011    0.127    0.001    0.029    0.096    0.041    0.009    0.000    0.017    0.054    0.005    0.012    0.009    0.019    0.023    0.006    0.016    0.013    0.002  
 syst_unc_metPhi_dn = 0.003    0.008    0.006    0.005    0.003    0.005    0.011    0.027    0.011    0.003    0.002    0.002    0.004    0.038    0.057    0.006    0.002    0.006    0.102    0.047    0.004    0.001    0.008    0.011    0.011    0.013    0.022    0.007    0.033    0.009    0.010    0.001    0.004    0.001    0.056    0.000    0.000    0.006    0.014    0.045    0.051    0.017    0.007    0.001    0.006    0.000    0.012    0.017    0.004    0.025    0.001    0.005    0.004    0.003    0.001    0.052    0.001    0.002    0.004    0.013    0.039    0.002    0.025    0.032    0.008    0.026    0.008    0.005    0.047    0.028    0.005    0.000  0.006    0.048    0.003    0.020    0.000    0.019    0.004    0.018    0.039    0.028    0.009    0.000  

 syst_unc_jec_up =   0.007    0.010    0.058    0.062    0.059    0.012    0.007    0.030    0.000    0.007    0.008    0.001    0.033    0.010    0.008    0.014    0.059    0.156    0.235    0.335    0.035    0.002    0.009    0.022    0.013    0.021    0.020    0.057    0.033    0.011    0.077    0.039    0.032    0.039    0.515    0.014    0.003    0.013    0.003    0.067    0.161    0.039    0.026    0.045    0.024    0.006    0.045    0.047    0.007    0.012    0.013    0.012    0.005    0.004    0.094    0.134    0.097    0.019    0.015    0.037    0.003    0.126    0.005    0.037    0.236    0.101    0.186    0.156    0.162    0.164    0.005    0.127    0.880    0.076    0.283    0.025    0.017    0.021    0.081    0.056    0.151    0.172    0.414    0.047  
 syst_unc_jec_dn =   0.005    0.001    0.030    0.013    0.086    0.001    0.029    0.036    0.055    0.023    0.038    0.036    0.021    0.016    0.010    0.025    0.041    0.012    0.142    0.213    0.041    0.002    0.002    0.065    0.143    0.020    0.006    0.035    0.052    0.127    0.018    0.036    0.013    0.078    0.031    0.109    0.043    0.013    0.019    0.051    0.104    0.015    0.032    0.006    0.037    0.021    0.014    0.029    0.052    0.033    0.056    0.015    0.002    0.024    0.024    0.192    0.090    0.050    0.005    0.040    0.019    0.234    0.021    0.150    0.105    0.120    0.503    0.000    0.022    0.270    0.057    0.380    0.043    0.022    0.084    0.135    0.137    0.032    0.278    0.164    0.206    0.641    0.021    0.214  

 syst_unc_SF_up =    0.105    0.109    0.095    0.133    0.131    0.111    0.105    0.117    0.118    0.124    0.112    0.113    0.127    0.232    0.137    0.109    0.102    0.129    0.124    0.168    0.138    0.108    0.107    0.102    0.105    0.136    0.109    0.090    0.123    0.111    0.120    0.131    0.175    0.144    0.261    0.108    0.125    0.106    0.099    0.111    0.146    0.105    0.126    0.080    0.087    0.096    0.125    0.110    0.136    0.141    0.196    0.119    0.102    0.108    0.117    0.128    0.090    0.154    0.136    0.143    0.107    0.117    0.112    0.108    0.114    0.111    0.136    0.148    0.125    0.112    0.130    0.156    0.537    0.090    0.126    0.126    0.158    0.116    0.146    0.212    0.146    0.148    0.086    0.192  
 syst_unc_SF_dn =    0.108    0.112    0.097    0.135    0.134    0.114    0.107    0.119    0.120    0.126    0.114    0.115    0.130    0.235    0.139    0.111    0.103    0.132    0.125    0.171    0.140    0.111    0.108    0.104    0.107    0.139    0.111    0.092    0.126    0.113    0.122    0.133    0.177    0.147    0.266    0.110    0.128    0.108    0.100    0.115    0.150    0.107    0.128    0.081    0.089    0.098    0.127    0.111    0.138    0.143    0.198    0.121    0.104    0.110    0.118    0.130    0.091    0.159    0.138    0.145    0.109    0.119    0.114    0.110    0.117    0.113    0.139    0.151    0.128    0.114    0.133    0.159    0.547    0.091    0.128    0.128    0.160    0.118    0.148    0.215    0.148    0.150    0.087    0.195  

## note : for special usage 
# fin_TF_to_mu =      1.360    1.194    1.241    1.007    1.168    1.254    1.416    1.274    1.106    1.012    1.185    1.157    1.292    0.513    0.960    1.124    1.250    1.402    1.581    0.604    1.054    1.315    1.229    1.387    1.284    0.992    1.158    1.550    1.230    1.056    1.038    0.940    0.726    1.453    0.941    1.018    0.889    1.328    1.421    1.679    0.905    1.205    1.031    1.397    2.773    1.404    1.185    1.007    0.911    0.856    0.718    1.142    1.244    1.332    0.865    1.046    1.610    1.139    0.873    0.839    1.261    1.133    1.180    1.268    1.297    1.062    1.715    1.699    0.758    1.110    1.024    0.959    0.329    1.224    1.006    1.066    0.826    1.103    1.164    0.593    0.904    1.068    0.979    0.371  
# fin_TFerr_to_mu =   0.020    0.069    0.139    0.218    0.206    0.023    0.086    0.146    0.188    0.047    0.065    0.117    0.210    0.166    0.185    0.146    0.167    0.388    0.638    0.266    0.235    0.027    0.084    0.187    0.261    0.296    0.069    0.213    0.312    0.379    0.196    0.145    0.161    0.425    0.299    0.411    0.420    0.071    0.163    0.431    0.408    0.099    0.142    0.309    0.690    0.102    0.124    0.234    0.046    0.096    0.156    0.347    0.095    0.175    0.185    0.247    0.453    0.396    0.045    0.097    0.276    0.431    0.104    0.201    0.335    0.178    0.635    0.707    0.347    0.454    0.163    0.298    0.134    0.198    0.262    0.128    0.175    0.173    0.371    0.168    0.220    0.465    0.492    0.155  

# fin_TF_to_ele =     1.663    1.634    1.504    1.046    1.279    1.490    1.559    1.473    1.422    1.164    1.529    1.512    1.224    0.784    0.938    1.201    1.195    0.914    1.406    1.468    1.066    1.654    1.669    1.604    2.209    1.858    1.415    1.665    1.253    1.011    0.975    1.207    0.801    1.265    1.264    1.930    0.910    1.698    1.918    1.959    2.468    1.622    1.433    1.439    2.167    1.660    1.240    1.231    1.036    0.970    0.555    1.446    1.567    1.211    1.030    0.885    1.452    0.710    1.009    1.032    0.936    1.142    1.425    1.499    1.510    1.231    1.657    2.428    0.999    2.077    1.233    1.865    0.309    1.631    0.980    1.041    1.415    1.422    1.754    1.225    0.811    1.968    1.179    1.741  
# fin_TFerr_to_ele =  0.025    0.099    0.180    0.215    0.244    0.029    0.098    0.176    0.255    0.056    0.090    0.164    0.214    0.185    0.183    0.158    0.169    0.255    0.544    0.584    0.262    0.036    0.122    0.229    0.486    0.643    0.089    0.226    0.313    0.374    0.189    0.203    0.187    0.392    0.410    0.935    0.450    0.098    0.242    0.508    1.349    0.142    0.207    0.324    0.689    0.117    0.163    0.404    0.054    0.111    0.118    0.471    0.130    0.159    0.220    0.195    0.399    0.265    0.054    0.126    0.207    0.407    0.134    0.262    0.394    0.218    0.649    0.937    0.491    0.878    0.204    0.679    0.133    0.286    0.258    0.154    0.296    0.231    0.549    0.234    0.212    0.748    0.614    0.540  

