QCD_Data_CS = 1303.000000 121.000000 25.000000 13.000000 12.000000 364.000000 30.000000 10.000000 10.000000 188.000000 43.000000 1.000000 1.000000 6.000000 19.000000 8.000000 6.000000 1.000000 2.000000 1.000000 5.000000 428.000000 43.000000 8.000000 3.000000 5.000000 90.000000 5.000000 2.000000 0.000000 27.000000 5.000000 4.000000 1.000000 1.000000 1.000000 0.000000 29.000000 7.000000 2.000000 0.000000 22.000000 9.000000 2.000000 0.000000 22.000000 10.000000 1.000000 81.000000 18.000000 6.000000 1.000000 22.000000 4.000000 6.000000 14.000000 5.000000 2.000000 39.000000 11.000000 4.000000 0.000000 6.000000 3.000000 1.000000 11.000000 0.000000 0.000000 0.000000 1.000000 5.000000 0.000000 1.000000 2.000000 2.000000 8.000000 2.000000 0.000000 1.000000 0.000000 2.000000 0.000000 2.000000 0.000000 

QCD_Data_CS_relative_err = 0.027703 0.090909 0.200000 0.277350 0.288675 0.052414 0.182574 0.316228 0.316228 0.072932 0.152499 1.000000 1.000000 0.408248 0.229416 0.353553 0.408248 1.000000 0.707107 1.000000 0.447214 0.048337 0.152499 0.353553 0.577350 0.447214 0.105409 0.447214 0.707107 0.000000 0.192450 0.447214 0.500000 1.000000 1.000000 1.000000 0.000000 0.185695 0.377964 0.707107 0.000000 0.213201 0.333333 0.707107 0.000000 0.213201 0.316228 1.000000 0.111111 0.235702 0.408248 1.000000 0.213201 0.500000 0.408248 0.267261 0.447214 0.707107 0.160128 0.301511 0.500000 0.000000 0.408248 0.577350 1.000000 0.301511 0.000000 0.000000 0.000000 1.000000 0.447214 0.000000 1.000000 0.707107 0.707107 0.353553 0.707107 0.000000 1.000000 0.000000 0.707107 0.000000 0.707107 0.000000 

QCD_otherBG_CS = 362.116603 49.001590 14.488103 7.030646 4.654083 128.574531 11.304660 4.857470 2.694946 55.779575 15.552722 3.031964 1.321958 2.225656 5.133048 5.632125 2.697191 0.600101 0.235860 0.836139 1.235649 182.502894 28.174428 8.939828 4.267090 1.638414 21.818665 2.552292 0.798156 0.320824 5.745904 4.494688 1.793240 0.380641 0.439947 0.473419 0.672304 20.539908 4.321192 1.150940 0.091595 10.579149 4.165351 1.500921 1.047793 3.388179 3.410351 1.608075 29.091532 8.177781 2.916061 1.538396 8.192944 2.224524 1.815942 3.153036 1.231994 0.353539 24.510990 6.852659 2.513372 1.104358 5.494729 1.783389 0.610327 3.646545 0.296686 0.302389 0.779999 0.624310 1.413764 0.191519 0.039910 2.665787 1.386672 1.696250 1.123738 0.360637 0.218248 0.187885 0.310472 0.124806 0.235005 0.000000 

QCD_otherBG_CS_relative_errup = 0.015271 0.040329 0.070111 0.103610 0.117776 0.025911 0.081938 0.120946 0.165414 0.037784 0.069265 0.153040 0.197136 0.211227 0.124981 0.117952 0.158878 0.228100 0.645236 0.257190 0.273259 0.021262 0.054316 0.091641 0.138284 0.202875 0.063624 0.193755 0.323623 0.471928 0.125827 0.147373 0.231270 0.503351 0.368213 0.460473 0.466881 0.064008 0.144813 0.280462 0.757618 0.083330 0.140606 0.224730 0.276211 0.155029 0.154828 0.245962 0.050220 0.092043 0.164034 0.251458 0.096884 0.179084 0.229427 0.144848 0.276922 0.537901 0.054555 0.102049 0.177841 0.265506 0.118020 0.209808 0.318397 0.149019 0.415749 0.460779 0.403999 0.402780 0.219878 0.631092 0.500575 0.151813 0.219001 0.191802 0.263556 0.461701 0.518806 0.536777 0.427148 0.854242 0.495424 1.000000 

QCD_otherBG_CS_relative_errdown = 0.015271 0.040329 0.070111 0.103610 0.117776 0.025911 0.081938 0.120946 0.165414 0.037784 0.069265 0.153040 0.197136 0.211227 0.124981 0.117952 0.158878 0.228100 0.645236 0.257190 0.273259 0.021262 0.054316 0.091641 0.138284 0.202875 0.063624 0.193755 0.323623 0.471928 0.125827 0.147373 0.231270 0.503351 0.368213 0.460473 0.466881 0.064008 0.144813 0.280462 0.757618 0.083330 0.140606 0.224730 0.276211 0.155029 0.154828 0.245962 0.050220 0.092043 0.164034 0.251458 0.096884 0.179084 0.229427 0.144848 0.276922 0.537901 0.054555 0.102049 0.177841 0.265506 0.118020 0.209808 0.318397 0.149019 0.415749 0.460779 0.403999 0.402780 0.219878 0.631092 0.500575 0.151813 0.219001 0.191802 0.263556 0.461701 0.518806 0.536777 0.427148 0.854242 0.495424 1.000000 

QCD_TFactor = 0.176431 0.104316 0.033052 0.033052 0.033052 0.176431 0.104316 0.033052 0.033052 0.011455 0.019279 0.006139 0.006139 0.011455 0.019279 0.006139 0.006139 0.006139 0.006139 0.006139 0.006139 0.176431 0.104316 0.033052 0.033052 0.033052 0.176431 0.104316 0.006139 0.006139 0.011455 0.019279 0.006139 0.006139 0.006139 0.006139 0.006139 0.107097 0.107097 0.107097 0.107097 0.107097 0.107097 0.107097 0.107097 0.107097 0.107097 0.107097 0.176431 0.104316 0.033052 0.033052 0.176431 0.104316 0.033052 0.019279 0.006139 0.006139 0.176431 0.104316 0.033052 0.033052 0.176431 0.104316 0.033052 0.011455 0.006139 0.006139 0.019279 0.006139 0.107097 0.107097 0.107097 0.107097 0.107097 0.107097 0.107097 0.107097 0.107097 0.107097 0.107097 0.107097 0.107097 0.107097 

QCD_TFactor_relative_err = 0.312342 0.899154 3.768379 3.768379 3.768379 0.312342 0.899154 3.768379 3.768379 1.076460 1.023502 1.158919 1.158919 1.076460 1.023502 1.158919 1.158919 1.158919 1.158919 1.158919 1.158919 0.312342 0.899154 3.768379 3.768379 3.768379 0.312342 0.899154 1.158919 1.158919 1.076460 1.023502 1.158919 1.158919 1.158919 1.158919 1.158919 0.625857 0.625857 0.625857 0.625857 0.625857 0.625857 0.625857 0.625857 0.625857 0.625857 0.625857 0.312342 0.899154 3.768379 3.768379 0.312342 0.899154 3.768379 1.023502 1.158919 1.158919 0.312342 0.899154 3.768379 3.768379 0.312342 0.899154 3.768379 1.076460 1.158919 1.158919 1.023502 1.158919 0.625857 0.625857 0.625857 0.625857 0.625857 0.625857 0.625857 0.625857 0.625857 0.625857 0.625857 0.625857 0.625857 0.625857 

QCD_NonClosure_relative_err = 0.304085 0.449392 0.434935 0.434935 0.432572 0.662980 1.035416 5.128221 0.487512 0.361645 0.368227 0.488849 0.488849 0.471209 0.756391 0.663625 0.663625 0.663625 5.017577 5.004489 5.004489 0.480509 1.008541 0.557046 0.557046 0.556071 2.737242 0.836085 0.592804 0.592804 0.586643 0.660612 0.668148 0.668148 5.029734 5.016678 5.016678 0.524013 0.568564 0.595169 0.857516 0.481538 0.713054 0.582136 0.848522 0.579090 2.303322 0.870871 0.904367 1.123603 1.122478 1.088487 0.507235 1.200915 1.698713 1.094571 1.202510 1.152315 0.585142 1.176703 1.175629 1.143328 1.293972 1.408306 1.651629 1.129723 1.168356 1.162987 1.269803 1.341304 1.156759 1.162905 1.179656 1.119425 1.328777 1.105627 1.128734 1.182639 0.686461 0.738162 0.769644 0.903431 0.786996 0.832476 


