QCD_Data_CS = 106 34 12 6 45 17 2 3 15 2 7 59 15 8 2 18 3 1 1 7 0 16 4 1 38 11 3 15 3 3 13 6 9 3 1 9 1 1 0 1 1 0 1 2 0 

QCD_Data_CS_relative_err = 0.097128586236 0.17149858514 0.28867513459 0.40824829046 0.1490711985 0.24253562504 0.70710678119 0.57735026919 0.25819888975 0.70710678119 0.37796447301 0.13018891098 0.25819888975 0.35355339059 0.70710678119 0.2357022604 0.57735026919 1 1 0.37796447301 0 0.25 0.5 1 0.16222142113 0.30151134458 0.57735026919 0.25819888975 0.57735026919 0.57735026919 0.27735009811 0.40824829046 0.33333333333 0.57735026919 1 0.33333333333 1 1 0 1 1 0 1 0.70710678119 0 

QCD_otherBG_CS = 33.301053517 11.542811769 6.0115030422 1.3070728205 10.314681819 5.4600246138 1.7261695726 0.39805783056 4.4401649123 1.283410798 2.6973964307 26.839703567 7.1864975426 1.8252809937 2.3982983314 2.9251235528 2.2110841145 1.2429124917 1.3786916326 0.64599966661 0.19773729405 1.5621649481 2.0890130894 0.37614082427 15.301568147 3.5296762392 2.0291549857 8.5797305089 1.1520051799 0.95945407156 2.0731296898 3.8972505629 6.4640547283 5.2042647795 1.9135499674 1.736240291 1.6825206102 0.6068567094 1.3111688215 0.94032543139 5.617852425 0.94179700864 0.11596512507 0.070503545192 0.030119757692 

QCD_otherBG_CS_relative_errup = 0.11897257621 0.14223740796 0.23708508692 0.30954945001 0.13504258449 0.22199608716 0.23927213149 0.31145809576 0.27708432711 0.27734386296 0.26848874756 0.1637878716 0.17502920268 0.32077663323 0.42142869899 0.22419551145 0.24502864092 0.46106002243 0.55378452074 0.34722607445 0.3030110189 0.20536447611 0.3099232418 0.41271130124 0.19890602503 0.24219456476 0.28599458619 0.33668641873 0.29596501866 0.44795864575 0.40801408478 0.35615018213 0.19715412786 0.23959502198 0.31391536109 0.28339959923 0.29135301932 0.5141999362 0.4574667073 0.53102357042 0.46781577318 0.49854422568 0.20530732866 0.27776912311 0.31658472326 

QCD_otherBG_CS_relative_errdown = 0.11895906509 0.14225933099 0.23717097418 0.31028225491 0.13508430405 0.22199608716 0.23927213149 0.31145809576 0.27712706797 0.27766436944 0.26848874756 0.16378262945 0.17502920268 0.32077663323 0.42136103647 0.22419551145 0.24502864092 0.46106002243 0.55378452074 0.34722607445 0.3030110189 0.20574623241 0.31041416628 0.41636859599 0.19890602503 0.24207705133 0.28599458619 0.33668641873 0.29596501866 0.44814896868 0.40801408478 0.35613049366 0.19715412786 0.23959502198 0.31391536109 0.28339959923 0.29135301932 0.5141999362 0.4574667073 0.53102357042 0.46784757158 0.4987330187 0.20530732866 0.27776912311 0.31658472326 

QCD_TFactor = 0.131294 0.131294 0.0892078 0.0892078 0.012634 0.012634 0.0535973 0.0535973 0.012634 0.0535973 0.0535973 0.131294 0.131294 0.0892078 0.0892078 0.012634 0.012634 0.0535973 0.0535973 0.012634 0.0535973 0.131294 0.131294 0.0535973 0.131294 0.131294 0.0892078 0.012634 0.012634 0.0535973 0.012634 0.0535973 0.131294 0.131294 0.0892078 0.012634 0.012634 0.0535973 0.012634 0.0535973 0.131294 0.0535973 0.131294 0.131294 0.0535973 

QCD_TFactor_relative_err = 0.43351714473 0.43351714473 0.67999995516 0.67999995516 5.9269352541 5.9269352541 3.9742860181 3.9742860181 5.9269352541 3.9742860181 3.9742860181 0.43351714473 0.43351714473 0.67999995516 0.67999995516 5.9269352541 5.9269352541 3.9742860181 3.9742860181 5.9269352541 3.9742860181 0.43351714473 0.43351714473 3.9742860181 0.43351714473 0.43351714473 0.67999995516 5.9269352541 5.9269352541 3.9742860181 5.9269352541 3.9742860181 0.43351714473 0.43351714473 0.67999995516 5.9269352541 5.9269352541 3.9742860181 5.9269352541 3.9742860181 0.43351714473 3.9742860181 0.43351714473 0.43351714473 3.9742860181 

QCD_NonClosure_relative_err = 0.268433 0.609159 3.93663 1.04488 0.43887 0.877496 0.70722 6.60379 0.827124 0.339823 0.620344 0.443765 0.885335 1.32109 0.0187577 1.94153 0.112259 0.0532141 0.0267547 0.593801 0.735568 0.368482 0.0722262 0.0392642 0.539027 0.791351 0.121204 4.58741 4.48355 0.779409 0.942022 0.681625 0.289665 0.772396 1.56433 3.23439 3.3411 0.00662274 0.513365 0.710014 4.4621 2.90486 1.42063 0.0249595 2.5951 
