luminosity = 2153.74
channels = 45
sample = zinv

channel                   =     bin1     bin2     bin3     bin4     bin5     bin6     bin7     bin8     bin9    bin10    bin11    bin12    bin13    bin14    bin15    bin16    bin17    bin18    bin19    bin20    bin21    bin22    bin23    bin24    bin25    bin26    bin27    bin28    bin29    bin30    bin31    bin32    bin33    bin34    bin35    bin36    bin37    bin38    bin39    bin40    bin41    bin42    bin43    bin44    bin45

rate                      =  5.49902  2.01509  0.96004  0.51243  1.86872  2.12941  1.43864  0.80012  0.34987  1.18367  2.71904  1.28760  0.48227  0.22923  0.12542  0.46246  0.52398  0.33153  0.19052  0.34169  0.60538  0.20398  0.09746  0.10800  0.62207  0.18200  0.07791  0.49100  0.35594  0.25440  0.12879  0.77289  0.11768  0.03558  0.01385  0.10868  0.08122  0.04640  0.02824  0.13943  0.03032  0.02514  0.05580  0.01835  0.00147

cs_event                  =     4098     1609      878      543     1532     1622     1148      796      373      953     2792      952      373      213      136      341      381      280      198      299      667      150       85      116      492      206       87      414      306      283      138      788       91       44       17       94       70       60       37      149       31       37       68       26        1
avg_weight                =  0.00134  0.00125  0.00109  0.00094  0.00122  0.00131  0.00125  0.00101  0.00094  0.00124  0.00097  0.00135  0.00129  0.00108  0.00092  0.00136  0.00138  0.00118  0.00096  0.00114  0.00091  0.00136  0.00115  0.00093  0.00126  0.00088  0.00090  0.00119  0.00116  0.00090  0.00093  0.00098  0.00129  0.00081  0.00081  0.00116  0.00116  0.00077  0.00076  0.00094  0.00098  0.00068  0.00082  0.00071  0.00147

stat_unc_up = xxx yy zz
stat_unc_dn = xxx yy zz

syst_unc_shape_central_up =  0.05419  0.18529  0.38869  0.40721  0.05311  0.23456  0.38854  0.40959  0.60480  0.68014  0.70416  0.37433  0.41702  0.53690  0.55250  0.37418  0.44338  0.53680  0.55304  0.75596  0.79661  0.53536  0.66064  0.70143  0.38620  0.42919  0.55073  0.38605  0.43383  0.55241  0.70074  0.79875  0.53511  0.56438  0.66398  0.53500  0.57266  0.66526  0.78931  0.87742  0.65755  0.80029  0.45034  0.59117  0.66490
syst_unc_shape_central_dn =  0.05419  0.18529  0.38869  0.40721  0.05311  0.23456  0.38854  0.40959  0.60480  0.68014  0.70416  0.37433  0.41702  0.53690  0.55250  0.37418  0.44338  0.53680  0.55304  0.75596  0.79661  0.53536  0.66064  0.70143  0.38620  0.42919  0.55073  0.38605  0.43383  0.55241  0.70074  0.79875  0.53511  0.56438  0.66398  0.53500  0.57266  0.66526  0.78931  0.87742  0.65755  0.80029  0.45034  0.59117  0.66490
syst_unc_shape_stat_up    =  0.14000  0.14000  0.20700  0.22800  0.20700  0.20700  0.20700  0.23200  0.45700  0.45700  0.45700  0.62700  0.62700  0.62700  0.62700  0.62700  0.62700  0.62700  0.62700  0.62700  0.62700  0.99950  0.99950  0.99950  0.57200  0.57200  0.57200  0.57200  0.57200  0.57200  0.57200  0.57200  0.62700  0.62700  0.62700  0.62700  0.62700  0.62700  0.62700  0.62700  0.99950  0.99950  0.66500  0.72100  0.99950
syst_unc_shape_stat_dn    =  0.14000  0.14000  0.20700  0.22800  0.20700  0.20700  0.20700  0.23200  0.45700  0.45700  0.45700  0.62700  0.62700  0.62700  0.62700  0.62700  0.62700  0.62700  0.62700  0.62700  0.62700  0.99950  0.99950  0.99950  0.57200  0.57200  0.57200  0.57200  0.57200  0.57200  0.57200  0.57200  0.62700  0.62700  0.62700  0.62700  0.62700  0.62700  0.62700  0.62700  0.99950  0.99950  0.66500  0.72100  0.99950
syst_unc_jeu_up           =  0.06506  0.04779  0.06175  0.05199  0.07852  0.07722  0.05737  0.04178  0.06349  0.07984  0.04867  0.05707  0.08997  0.05108  0.06525  0.08471  0.06763  0.06338  0.01856  0.13081  0.06716  0.04552  0.08308  0.05690  0.09853  0.10656  0.03142  0.12754  0.13702  0.11364  0.21164  0.09414  0.16321  0.08412  0.20738  0.10139  0.08784  0.12961  0.25198  0.06013  0.12815  0.09714  0.18360  0.11492  0.45913
syst_unc_jeu_dn           =  0.06506  0.04779  0.06175  0.05199  0.07852  0.07722  0.05737  0.04178  0.06349  0.07984  0.04867  0.05707  0.08997  0.05108  0.06525  0.08471  0.06763  0.06338  0.01856  0.13081  0.06716  0.04552  0.08308  0.05690  0.09853  0.10656  0.03142  0.12754  0.13702  0.11364  0.21164  0.09414  0.16321  0.08412  0.20738  0.10139  0.08784  0.12961  0.25198  0.06013  0.12815  0.09714  0.18360  0.11492  0.45913
syst_unc_meu_up           =  0.02028  0.03731  0.03560  0.06675  0.00560  0.02177  0.04748  0.05414  0.05790  0.01908  0.04254  0.01601  0.03454  0.04113  0.05564  0.02298  0.03428  0.06943  0.07521  0.01004  0.03833  0.02515  0.07675  0.03393  0.03075  0.07591  0.04358  0.00924  0.00749  0.05549  0.02620  0.02993  0.05813  0.09919  0.23983  0.02450  0.03926  0.04089  0.04768  0.02305  0.08100  0.02677  0.01206  0.07171  0.07171
syst_unc_meu_dn           =  0.02028  0.03731  0.03560  0.06675  0.00560  0.02177  0.04748  0.05414  0.05790  0.01908  0.04254  0.01601  0.03454  0.04113  0.05564  0.02298  0.03428  0.06943  0.07521  0.01004  0.03833  0.02515  0.07675  0.03393  0.03075  0.07591  0.04358  0.00924  0.00749  0.05549  0.02620  0.02993  0.05813  0.09919  0.23983  0.02450  0.03926  0.04089  0.04768  0.02305  0.08100  0.02677  0.01206  0.07171  0.07171
syst_unc_scale_up         =  0.00983  0.00318  0.00108  0.00154  0.01551  0.00786  0.01099  0.00404  0.03840  0.00625  0.00336  0.00637  0.00162  0.00371  0.00523  0.00747  0.00351  0.01157  0.00015  0.00885  0.00195  0.00975  0.00081  0.00691  0.02640  0.03863  0.01770  0.02272  0.00536  0.01756  0.04594  0.01225  0.01838  0.01951  0.02267  0.01570  0.00154  0.01139  0.02547  0.02058  0.02961  0.01041  0.04799  0.04917  0.12722
syst_unc_scale_dn         =  0.00983  0.00318  0.00108  0.00154  0.01551  0.00786  0.01099  0.00404  0.03840  0.00625  0.00336  0.00637  0.00162  0.00371  0.00523  0.00747  0.00351  0.01157  0.00015  0.00885  0.00195  0.00975  0.00081  0.00691  0.02640  0.03863  0.01770  0.02272  0.00536  0.01756  0.04594  0.01225  0.01838  0.01951  0.02267  0.01570  0.00154  0.01139  0.02547  0.02058  0.02961  0.01041  0.04799  0.04917  0.12722
syst_unc_pdf_up           =  0.02602  0.01109  0.00663  0.00477  0.00752  0.00406  0.00321  0.03103  0.00672  0.01405  0.05575  0.00429  0.09485  0.08948  0.00880  0.00623  0.00337  0.01433  0.02572  0.00826  0.03791  0.01990  0.07182  0.01169  0.00975  0.01051  0.01138  0.02034  0.00859  0.10105  0.01139  0.05642  0.02660  0.28726  0.02865  0.02501  0.00870  0.02206  0.01311  0.28671  0.03356  0.01877  0.03184  0.00406  0.01438
syst_unc_pdf_dn           =  0.02602  0.01109  0.00663  0.00477  0.00752  0.00406  0.00321  0.03103  0.00672  0.01405  0.05575  0.00429  0.09485  0.08948  0.00880  0.00623  0.00337  0.01433  0.02572  0.00826  0.03791  0.01990  0.07182  0.01169  0.00975  0.01051  0.01138  0.02034  0.00859  0.10105  0.01139  0.05642  0.02660  0.28726  0.02865  0.02501  0.00870  0.02206  0.01311  0.28671  0.03356  0.01877  0.03184  0.00406  0.01438
syst_unc_trig_up          =  0.01570  0.01095  0.01099  0.01105  0.01570  0.01095  0.01099  0.01105  0.01185  0.01101  0.01105  0.01570  0.01095  0.01099  0.01105  0.01570  0.01095  0.01099  0.01105  0.01119  0.01105  0.01473  0.01095  0.01105  0.01570  0.01095  0.01100  0.01570  0.01095  0.01101  0.01200  0.01103  0.01570  0.01095  0.01101  0.01570  0.01095  0.01100  0.01229  0.01103  0.01432  0.01101  0.01304  0.01288  0.01570
syst_unc_trig_dn          =  0.01570  0.01095  0.01099  0.01105  0.01570  0.01095  0.01099  0.01105  0.01185  0.01101  0.01105  0.01570  0.01095  0.01099  0.01105  0.01570  0.01095  0.01099  0.01105  0.01119  0.01105  0.01473  0.01095  0.01105  0.01570  0.01095  0.01100  0.01570  0.01095  0.01101  0.01200  0.01103  0.01570  0.01095  0.01101  0.01570  0.01095  0.01100  0.01229  0.01103  0.01432  0.01101  0.01304  0.01288  0.01570

